6 0.1472400650382042 0.618756502866745 0.10578636825084686 0.10328751802444458
4 0.18902168050408363 0.20801091194152832 0.2281472608447075 0.09981411695480347
3 0.5609399229288101 0.6127035021781921 0.13862749934196472 0.10893523693084717
3 0.41102665662765503 0.6089944839477539 0.14892888069152832 0.11116635799407959
4 0.6420472264289856 0.3838050067424774 0.07916843891143799 0.02849721908569336
0 0.653633177280426 0.5590439736843109 0.08432614803314209 0.16542166471481323
4 0.3888901323080063 0.38287174701690674 0.0800076425075531 0.026082396507263184
4 0.8405411839485168 0.20764551311731339 0.2389761209487915 0.10764555633068085
4 0.499395951628685 0.30459995567798615 0.03305104374885559 0.025013357400894165
4 0.7396946847438812 0.3903205841779709 0.056375324726104736 0.030086606740951538
4 0.726416677236557 0.46495456993579865 0.04351407289505005 0.03487864136695862
4 0.1881292760372162 0.20651564747095108 0.2346932291984558 0.10183916985988617
4 0.8393656015396118 0.20615537464618683 0.2487812042236328 0.10754677653312683
3 0.5587308704853058 0.6109170913696289 0.13165301084518433 0.10419464111328125
6 0.14697673171758652 0.61604043841362 0.10603924095630646 0.09787064790725708
3 0.41688409447669983 0.6075055003166199 0.13764667510986328 0.10322415828704834
4 0.6424505114555359 0.38280434906482697 0.07924425601959229 0.02519252896308899
4 0.49333973228931427 0.2335560843348503 0.06734141707420349 0.15795107185840607
4 0.388791561126709 0.3816530704498291 0.08203375339508057 0.022873103618621826
3 0.26896123588085175 0.6655266582965851 0.10309496521949768 0.08774489164352417
0 0.2847801297903061 0.545829102396965 0.04439648985862732 0.17945268750190735
3 0.7230372726917267 0.5903127789497375 0.042204082012176514 0.09787595272064209
0 0.6529029905796051 0.5574732720851898 0.09072071313858032 0.16518360376358032
5 0.44500771164894104 0.3655821830034256 0.06766194105148315 0.026689916849136353
