2 0.4226786643266678 0.5805643945932388 0.21286174654960632 0.29507502913475037
3 0.07031049765646458 0.6198014318943024 0.089596938341856 0.10837799310684204
4 0.2254607304930687 0.3448227196931839 0.14764679968357086 0.058293551206588745
3 0.6877473890781403 0.643212616443634 0.2870195508003235 0.15642035007476807
6 0.10190098360180855 0.559943825006485 0.06081276386976242 0.0416378378868103
4 0.9647011756896973 0.3861650973558426 0.07021045684814453 0.01892128586769104
2 0.14149053988512605 0.5185991823673248 0.27996875648386776 0.2628602385520935
6 0.18519432097673416 0.5647768080234528 0.0801883190870285 0.038285911083221436
3 0.18218950182199478 0.622014045715332 0.06862853467464447 0.10003542900085449
2 0.8655503392219543 0.575664758682251 0.16484487056732178 0.28804636001586914
4 0.4886273443698883 0.2509523704648018 0.25623220205307007 0.06920872628688812
2 0.9711131155490875 0.5758669823408127 0.0576818585395813 0.2959827482700348
4 0.05846937745809555 0.3511720448732376 0.1169387549161911 0.047914475202560425
4 0.7291931211948395 0.3338768035173416 0.17540472745895386 0.04852166771888733
1 0.6557284295558929 0.4825054258108139 0.08987265825271606 0.06130829453468323
3 0.6884431838989258 0.6406634449958801 0.2828298807144165 0.156349778175354
2 0.14193029701709747 0.5183482021093369 0.2740863859653473 0.26047077775001526
2 0.4218398928642273 0.5769811570644379 0.21362876892089844 0.2903164029121399
6 0.10180075466632843 0.5600788593292236 0.06131386756896973 0.04226112365722656
4 0.9644595980644226 0.38578611612319946 0.07108080387115479 0.021760940551757812
6 0.18408086895942688 0.5650984644889832 0.07967925071716309 0.03777182102203369
4 0.48860885202884674 0.2532495707273483 0.2587749660015106 0.06670674681663513
4 0.058204181492328644 0.3496154844760895 0.11640836298465729 0.05226248502731323
3 0.18644549697637558 0.6203056871891022 0.0810910314321518 0.10214906930923462
4 0.22641029208898544 0.3445618748664856 0.15117837488651276 0.05284690856933594
1 0.6530325710773468 0.4816763550043106 0.09395140409469604 0.05929824709892273
3 0.07301382347941399 0.619279146194458 0.08942791074514389 0.1115262508392334
4 0.7303605079650879 0.3316039592027664 0.17046606540679932 0.04965105652809143
7 0.3438326567411423 0.5730130076408386 0.02094396948814392 0.021356940269470215
2 0.8648409843444824 0.573989599943161 0.16478443145751953 0.2924574017524719
7 0.3501443415880203 0.5723779499530792 0.01604864001274109 0.02220708131790161
