4 0.40762539207935333 0.31403589248657227 0.12146469950675964 0.07111293077468872
0 0.41967636346817017 0.561278909444809 0.13336706161499023 0.23244208097457886
3 0.23262567818164825 0.8681193292140961 0.1707659661769867 0.2622438073158264
3 0.09429433493642136 0.947455108165741 0.18514666857663542 0.10508978366851807
0 0.20191005617380142 0.5584513694047928 0.11954127252101898 0.23918840289115906
3 0.13894889503717422 0.7004070281982422 0.14337526261806488 0.12178564071655273
4 0.01481657661497593 0.21131546050310135 0.02963315322995186 0.04764623939990997
3 0.6112618446350098 0.6118814647197723 0.14193272590637207 0.435494601726532
3 0.44152432680130005 0.5812436044216156 0.06704235076904297 0.08766192197799683
0 0.011480752007628325 0.5160647928714752 0.022715956714819185 0.13698571920394897
10 0.611663430929184 0.6114537715911865 0.13264614343643188 0.4270482063293457
0 0.20155616104602814 0.5578740984201431 0.11774376034736633 0.24308738112449646
0 0.4201076924800873 0.5599441528320312 0.13273686170578003 0.2347860336303711
3 0.14324958249926567 0.6962864398956299 0.13374323397874832 0.11910748481750488
4 0.40536990761756897 0.3133014589548111 0.11862295866012573 0.07078513503074646
3 0.44202156364917755 0.5783030986785889 0.05990132689476013 0.08025693893432617
3 0.09366062580375001 0.9466487765312195 0.18479096295777708 0.10653340816497803
3 0.2282286137342453 0.8667119443416595 0.19235047698020935 0.2665761113166809
