3 0.15172599256038666 0.1506291091445746 0.3034519851207733 0.301216828822362
3 0.8694919645786285 0.16725136936292984 0.2608262896537781 0.333701747644227
3 0.5455552935600281 0.2820885106921196 0.29718518257141113 0.2109634429216385
3 0.5433091223239899 0.2359544262290001 0.3027488589286804 0.30852921307086945
3 0.16570264101028442 0.10414338410191704 0.33140528202056885 0.20758371948613785
3 0.902367889881134 0.12334607541561127 0.19476568698883057 0.24669215083122253
8 0.4456895738840103 0.8722162246704102 0.039602190256118774 0.04583454132080078
0 0.44595323503017426 0.8720473051071167 0.0414675772190094 0.048674583435058594
3 0.5390098541975021 0.23406333476305008 0.30223348736763 0.29932789504528046
3 0.15924307703971863 0.16946002561599016 0.31848615407943726 0.32276189886033535
3 0.8559392392635345 0.2359706200659275 0.2881215214729309 0.31801896542310715
3 0.35390758514404297 0.07040657252036908 0.20671546459197998 0.140750345588458
11 0.44462499022483826 0.8719395697116852 0.04362154006958008 0.04688948392868042
