0 0.7854455411434174 0.5028667927253991 0.4291089177131653 0.9942664145492017
0 0.16202754378900863 0.6088355630636215 0.3227791666868143 0.36080268025398254
4 0.4466902017593384 0.2390039637684822 0.20302903652191162 0.07896111905574799
3 0.1877320520579815 0.6464443802833557 0.2006891742348671 0.16778182983398438
0 0.8327882885932922 0.6167535334825516 0.333621621131897 0.7631283700466156
0 0.18820713087916374 0.6292616724967957 0.23163191229104996 0.24584293365478516
0 0.16256319284730125 0.6140565872192383 0.32420423030271195 0.3676424026489258
3 0.18743974715471268 0.6411516666412354 0.19608591496944427 0.17102384567260742
0 0.7846324443817139 0.45643070933874696 0.4276607036590576 0.907943892525509
4 0.4471486359834671 0.24109888076782227 0.20668372511863708 0.076751708984375
