3 0.10003836452960968 0.7393902838230133 0.20007672905921936 0.2623630166053772
2 0.6249558329582214 0.6115271896123886 0.7500883340835571 0.6621773540973663
4 0.12185251561459154 0.07503655552864075 0.2411592931021005 0.1500731110572815
11 0.27170538902282715 0.6569062173366547 0.04280918836593628 0.0351983904838562
4 0.16114868968725204 0.411385253071785 0.1417006403207779 0.022763460874557495
1 0.27167630195617676 0.6573279201984406 0.0420040488243103 0.03586369752883911
8 0.27178601920604706 0.6572256088256836 0.04248705506324768 0.03497469425201416
3 0.10218799114227295 0.6900467276573181 0.20226597785949707 0.16250085830688477
5 0.15695810317993164 0.27972713112831116 0.1684912145137787 0.06547528505325317
4 0.16127631813287735 0.4093530625104904 0.13482041656970978 0.02801629900932312
7 0.2715136259794235 0.6557534039020538 0.0436801016330719 0.037153422832489014
5 0.14683297835290432 0.28377972543239594 0.20058529451489449 0.07672396302223206
3 0.09988365471508587 0.7262774705886841 0.19944356083578896 0.25678205490112305
4 0.12349624931812286 0.07692629098892212 0.24699249863624573 0.15379345417022705
4 0.10805261880159378 0.435835063457489 0.06495361030101776 0.02499675750732422
