2 0.6737533062696457 0.5577345341444016 0.6519335806369781 0.8037073910236359
6 0.7908334732055664 0.7438197135925293 0.125357985496521 0.09178805351257324
6 0.4310653507709503 0.6874634027481079 0.1722699999809265 0.13239479064941406
3 0.8428654074668884 0.8483344912528992 0.31426918506622314 0.30333101749420166
2 0.17397808731766418 0.5005491375923157 0.3458516061073169 0.8625675439834595
3 0.8945516347885132 0.8505293130874634 0.21064186096191406 0.29894137382507324
3 0.5927126705646515 0.8481437563896179 0.5103910565376282 0.30117666721343994
2 0.040073782205581665 0.6680308282375336 0.08014756441116333 0.3875632882118225
6 0.26966163516044617 0.7931411862373352 0.1702415943145752 0.1678069829940796
6 0.42819613218307495 0.6725711822509766 0.17886126041412354 0.0978844165802002
10 0.04139766842126846 0.6542489230632782 0.08279533684253693 0.3718927502632141
4 0.3026319071650505 0.011942972429096699 0.17760755121707916 0.023885944858193398
10 0.04095756262540817 0.7377142906188965 0.08191512525081635 0.21402490139007568
