0 0.05161939933896065 0.5975397974252701 0.10322032123804092 0.2528629004955292
4 0.45905448496341705 0.252094991505146 0.1574976146221161 0.15183447301387787
1 0.6927440762519836 0.8058642446994781 0.1441894769668579 0.19347244501113892
3 0.16711813808069564 0.9654142260551453 0.3327917933347635 0.06911695003509521
2 0.7096009254455566 0.5496523678302765 0.2942943572998047 0.32680970430374146
3 0.06422366351034725 0.9710506498813629 0.12824564873881172 0.05789870023727417
0 0.5065113008022308 0.5905719697475433 0.126864492893219 0.227098286151886
3 0.5017238557338715 0.6188169121742249 0.05248373746871948 0.07869291305541992
4 0.04136012273374945 0.32523171603679657 0.08071874524466693 0.04812684655189514
3 0.2624721974134445 0.6801949441432953 0.09904441237449646 0.06377619504928589
10 0.27344875782728195 0.5435123890638351 0.21006299555301666 0.12292900681495667
3 0.5232307314872742 0.6809504330158234 0.08277356624603271 0.05938941240310669
3 0.6443649232387543 0.9576009809970856 0.28294235467910767 0.08434253931045532
5 0.35181665420532227 0.2880405932664871 0.13370829820632935 0.07370880246162415
3 0.33871763944625854 0.8099038302898407 0.6675437688827515 0.25717562437057495
3 0.37737366557121277 0.6792483329772949 0.08513551950454712 0.061885833740234375
4 0.8586611449718475 0.25777921825647354 0.28267771005630493 0.1400080770254135
3 0.16713641583919525 0.9364871978759766 0.3342728316783905 0.12702560424804688
6 0.8591861128807068 0.2579815909266472 0.2816277742385864 0.14256073534488678
7 0.9729383289813995 0.6096128523349762 0.014227688312530518 0.02073115110397339
3 0.34692880511283875 0.8140241503715515 0.6860503554344177 0.25627219676971436
4 0.8565076589584351 0.2583102211356163 0.27886509895324707 0.14476098120212555
3 0.5033346116542816 0.619269460439682 0.052737534046173096 0.08197492361068726
2 0.7098102569580078 0.5470017343759537 0.30044102668762207 0.3276134431362152
10 0.2741917222738266 0.5427386164665222 0.21187105774879456 0.12501466274261475
0 0.5072999149560928 0.5896759033203125 0.12467119097709656 0.22722625732421875
4 0.4579189866781235 0.25062384456396103 0.15904143452644348 0.14784373342990875
3 0.6385599076747894 0.9537584185600281 0.2882733941078186 0.09248316287994385
0 0.05087210535930353 0.5981923043727875 0.1015886902823695 0.25516432523727417
3 0.6910085678100586 0.8009198307991028 0.15420746803283691 0.1928539276123047
3 0.2634969651699066 0.67896568775177 0.0955648422241211 0.06888103485107422
5 0.338577464222908 0.285906583070755 0.16307631134986877 0.07128095626831055
3 0.5239612460136414 0.6794774234294891 0.08142757415771484 0.058468639850616455
3 0.37616217136383057 0.6757160127162933 0.08334451913833618 0.06122070550918579
3 0.16989923710934818 0.9672753214836121 0.3357476950623095 0.06544935703277588
3 0.06466583162546158 0.9702391624450684 0.1289205104112625 0.05952167510986328
7 0.974138617515564 0.6096365749835968 0.017742156982421875 0.02243882417678833
3 0.10688639580621384 0.967640608549118 0.21256176830502227 0.06438618898391724
4 0.040025143323873635 0.3237530142068863 0.07969418466382194 0.0545596182346344
