2 0.43479184433817863 0.5166589263826609 0.6276018992066383 0.9666821472346783
4 0.9632779955863953 0.34289634227752686 0.07314908504486084 0.031430602073669434
4 0.8921507894992828 0.39208798110485077 0.10075777769088745 0.01982375979423523
3 0.8877445161342621 0.6088706851005554 0.06497043371200562 0.09290921688079834
0 0.8810918927192688 0.5723791122436523 0.2378162145614624 0.8552417755126953
0 0.8337891697883606 0.5719430893659592 0.1437511444091797 0.8550104200839996
8 0.10480820760130882 0.2580569237470627 0.039426423609256744 0.053910642862319946
2 0.057733248177100904 0.5092223165556788 0.11493630110635422 0.975556755438447
6 0.881544679403305 0.5524902045726776 0.05089038610458374 0.03441363573074341
7 0.3855096846818924 0.7218617796897888 0.05964633822441101 0.05931746959686279
4 0.9642643928527832 0.34309354424476624 0.0714712142944336 0.032597362995147705
2 0.4258904531598091 0.5145365837961435 0.6264749616384506 0.9482000581920147
0 0.8812654614448547 0.5716726332902908 0.23746907711029053 0.8566547334194183
7 0.3847940117120743 0.7222374677658081 0.061838775873184204 0.06046009063720703
4 0.8925575315952301 0.3907101899385452 0.10416454076766968 0.02396741509437561
1 0.9634017050266266 0.45539554953575134 0.07307106256484985 0.08734244108200073
3 0.8899581730365753 0.6079030930995941 0.061660587787628174 0.09324663877487183
8 0.10543851926922798 0.25781431049108505 0.03808050602674484 0.05156536400318146
2 0.055853553116321564 0.501079136505723 0.11170710623264313 0.9551758877933025
