3 0.28220563381910324 0.6896476745605469 0.11277414858341217 0.17048096656799316
0 0.8955495953559875 0.6624149084091187 0.20843446254730225 0.6568717956542969
3 0.707951158285141 0.811503678560257 0.11392098665237427 0.33688944578170776
0 0.8947484791278839 0.6769883930683136 0.21008890867233276 0.6460232138633728
4 0.513700857758522 0.3844498097896576 0.13646087050437927 0.030618250370025635
3 0.2802484557032585 0.6883737742900848 0.11790747940540314 0.1756717562675476
3 0.7104505598545074 0.7863904535770416 0.12447470426559448 0.29715055227279663
4 0.5100974142551422 0.29653263092041016 0.23959630727767944 0.0602492094039917
0 0.4294852763414383 0.597649946808815 0.03069421648979187 0.23875615000724792
0 0.5012147575616837 0.5850382745265961 0.11003658175468445 0.21035629510879517
7 0.38320302963256836 0.5940267443656921 0.016310036182403564 0.020745158195495605
4 0.5024506598711014 0.017254850640711084 0.5347759425640106 0.03449028208888194
4 0.12600546330213547 0.6694202423095703 0.08189882338047028 0.07162284851074219
