2 0.2559940576538793 0.5392397940158844 0.5115733623533743 0.5530180335044861
6 0.15980203077197075 0.633747786283493 0.10118717700242996 0.08102434873580933
3 0.8933192491531372 0.7530156373977661 0.21226882934570312 0.25666236877441406
5 0.5914058685302734 0.26253996044397354 0.12542510032653809 0.07242451608181
4 0.6831493377685547 0.07737262098817155 0.2618488073348999 0.15103287401143461
2 0.8698848783969879 0.6122661530971527 0.2529314160346985 0.3520212769508362
3 0.5925240814685822 0.6236407160758972 0.16015499830245972 0.14731276035308838
4 0.10522929727449082 0.0749391049175756 0.2099604427930899 0.14898061155690812
3 0.1345917396247387 0.8301298916339874 0.14634308964014053 0.21702498197555542
0 0.5377559661865234 0.524304673075676 0.05245339870452881 0.13259735703468323
7 0.8071475028991699 0.5897064805030823 0.02176499366760254 0.029313206672668457
10 0.5387275218963623 0.5233494937419891 0.05337071418762207 0.13152676820755005
3 0.14096195995807648 0.8132264912128448 0.12088289856910706 0.1840335726737976
3 0.02841147407889366 0.9063179194927216 0.05682294815778732 0.18530958890914917
3 0.4366108328104019 0.7925922572612762 0.14932486414909363 0.2435104250907898
0 0.6989675462245941 0.5945550799369812 0.06946641206741333 0.3319133520126343
2 0.8686516284942627 0.6114818602800369 0.2528350353240967 0.35480329394340515
6 0.15808511525392532 0.6312350034713745 0.10377757251262665 0.07987117767333984
2 0.2594802975654602 0.5292154401540756 0.5189605951309204 0.5489448606967926
4 0.6835344433784485 0.07848688066587783 0.26170575618743896 0.15598084329394624
3 0.8923284411430359 0.7582323849201202 0.21534311771392822 0.27526360750198364
3 0.5930769145488739 0.6228100657463074 0.15585201978683472 0.14530718326568604
0 0.7040578722953796 0.5911268293857574 0.07599449157714844 0.32528001070022583
4 0.10483682155609131 0.07719775289297104 0.20967364311218262 0.1543552130460739
5 0.5879302024841309 0.2640709728002548 0.1339282989501953 0.06504455208778381
3 0.13099948316812515 0.8277228474617004 0.15459401905536652 0.21884191036224365
0 0.5353075861930847 0.5245394706726074 0.04912710189819336 0.13116037845611572
7 0.806564211845398 0.5885719358921051 0.02396392822265625 0.028291165828704834
