11 0.8956004977226257 0.7809276878833771 0.029629111289978027 0.034156620502471924
0 0.4193151593208313 0.6899406462907791 0.2890812158584595 0.4919578731060028
3 0.9091690480709076 0.900146096944809 0.18166190385818481 0.19894260168075562
10 0.869432270526886 0.5590248107910156 0.26107633113861084 0.21518325805664062
0 0.4210665673017502 0.6935668587684631 0.3015423119068146 0.5008988380432129
7 0.5979021191596985 0.6198602318763733 0.044714927673339844 0.03487110137939453
3 0.8700552880764008 0.8933510780334473 0.14304965734481812 0.21285474300384521
11 0.23279335349798203 0.90706005692482 0.022486820816993713 0.05602496862411499
4 0.5533400475978851 0.024284037950565107 0.06416207551956177 0.04810252189054154
11 0.8952046632766724 0.7799184024333954 0.03710365295410156 0.036909282207489014
4 0.3683047592639923 0.23597370833158493 0.06275790929794312 0.04061712324619293
11 0.23029908537864685 0.9063498377799988 0.03118896484375 0.059259772300720215
