4 0.7110258936882019 0.27948348224163055 0.07242679595947266 0.08635124564170837
4 0.3573493957519531 0.43235722184181213 0.06191903352737427 0.023860931396484375
3 0.044449844950577244 0.9244383871555328 0.08830885292263702 0.1500745415687561
4 0.3936478793621063 0.2720594108104706 0.1678428053855896 0.11298078298568726
3 0.47402453422546387 0.6692604422569275 0.2650195360183716 0.1835036277770996
3 0.2904368042945862 0.5702053010463715 0.0389409065246582 0.0708053708076477
4 0.13536014780402184 0.3080783784389496 0.09625730663537979 0.0624547004699707
10 0.7035810649394989 0.5132821500301361 0.08174687623977661 0.067951500415802
3 0.7002955675125122 0.5957282185554504 0.06881046295166016 0.08990633487701416
14 0.864790678024292 0.7498811781406403 0.270418643951416 0.49876803159713745
4 0.2990887612104416 0.456998735666275 0.03691205382347107 0.018501460552215576
0 0.6843537092208862 0.6107712835073471 0.12054920196533203 0.31276360154151917
7 0.0421177027747035 0.6998120248317719 0.030009234324097633 0.05070728063583374
0 0.24094350636005402 0.5565387308597565 0.08052942156791687 0.1593281626701355
3 0.4795656204223633 0.6690278053283691 0.2720855474472046 0.18451356887817383
4 0.3938559591770172 0.27126993983983994 0.16874998807907104 0.11822338402271271
10 0.7051016986370087 0.5166567862033844 0.08534449338912964 0.06563931703567505
4 0.7099850475788116 0.27880968898534775 0.07271081209182739 0.08129586279392242
7 0.04250278789550066 0.6999978125095367 0.03409725986421108 0.05063706636428833
3 0.29393963515758514 0.5710555613040924 0.04210910201072693 0.0696527361869812
14 0.8653627932071686 0.7502560019493103 0.26927441358566284 0.4994879961013794
4 0.35713836550712585 0.43182314932346344 0.06280684471130371 0.02365913987159729
4 0.13288669660687447 0.3071832209825516 0.0966510996222496 0.06329402327537537
3 0.04454993009858299 0.9243446290493011 0.08876659869565628 0.15025824308395386
3 0.6988437473773956 0.59642294049263 0.0729791522026062 0.09335118532180786
4 0.29838141798973083 0.4561733305454254 0.037886619567871094 0.01926630735397339
3 0.6977195739746094 0.5854071974754333 0.06415820121765137 0.07820045948028564
