3 0.6201691180467606 0.8466518223285675 0.7596617639064789 0.3060418963432312
1 0.31171660125255585 0.4102015942335129 0.04252085089683533 0.03559502959251404
6 0.49313192069530487 0.7345053553581238 0.11248853802680969 0.07302892208099365
3 0.6687486171722412 0.9044280052185059 0.6415585279464722 0.19078326225280762
6 0.20741777122020721 0.804265707731247 0.15066251158714294 0.1628076434135437
2 0.5690378248691559 0.5620643198490143 0.3439546227455139 0.2246076464653015
6 0.056433473524521105 0.556286484003067 0.11205269992933609 0.21224385499954224
11 0.31210169196128845 0.4091884195804596 0.04428553581237793 0.034271240234375
2 0.635707750916481 0.5626443028450012 0.7193752229213715 0.4505678415298462
3 0.49235786497592926 0.8387154638767242 0.5139317214488983 0.3222193121910095
3 0.48831692337989807 0.8345902562141418 0.9766338467597961 0.3308194875717163
9 0.5655530393123627 0.5827104151248932 0.342853844165802 0.34293490648269653
6 0.8952178061008453 0.8607862591743469 0.20663303136825562 0.17733442783355713
10 0.0555867925286293 0.5494652092456818 0.1111735850572586 0.2050902247428894
4 0.15099182724952698 0.1450326144695282 0.30198365449905396 0.2576414942741394
4 0.6384191513061523 0.12310913798864931 0.08800256252288818 0.2435774088371545
6 0.3454738259315491 0.7175417244434357 0.11339521408081055 0.06524688005447388
6 0.5123644769191742 0.8571888208389282 0.15122395753860474 0.0841064453125
6 0.2180728316307068 0.8022891581058502 0.1253829002380371 0.15700000524520874
6 0.4945489764213562 0.7298533916473389 0.11405599117279053 0.0685122013092041
6 0.8506240844726562 0.7718073725700378 0.15607929229736328 0.10646021366119385
6 0.6809134483337402 0.7436670958995819 0.11405682563781738 0.06772357225418091
1 0.31202879548072815 0.4105796664953232 0.04941779375076294 0.03706058859825134
4 0.36689455807209015 0.31986597180366516 0.025687307119369507 0.02428269386291504
0 0.31778211891651154 0.5750086307525635 0.12931910157203674 0.27214133739471436
4 0.8177732229232788 0.2980561703443527 0.0323486328125 0.0297795832157135
4 0.5877776145935059 0.3098810613155365 0.031017422676086426 0.03066849708557129
4 0.3670555055141449 0.3190896362066269 0.03373938798904419 0.028618723154067993
6 0.2926708906888962 0.7352603077888489 0.042844682931900024 0.07904815673828125
11 0.5942403376102448 0.6566722989082336 0.011982381343841553 0.01597154140472412
