0 0.6877998411655426 0.7052771598100662 0.39551490545272827 0.5894456803798676
9 0.24986565485596657 0.551520362496376 0.3132634684443474 0.2236482799053192
3 0.1845509588601999 0.8655987083911896 0.36727067234460264 0.2674362063407898
2 0.3795934496447444 0.5331674441695213 0.739663565531373 0.6110263615846634
0 0.29440560936927795 0.5641777813434601 0.0457194447517395 0.18647831678390503
10 0.5513664186000824 0.5276982635259628 0.09476393461227417 0.08788421750068665
0 0.3591320961713791 0.5642416924238205 0.05662718415260315 0.1806720793247223
6 0.07129763215925777 0.6947859227657318 0.14236318766779732 0.17955714464187622
6 0.12048983201384544 0.7443049550056458 0.16478443890810013 0.11519813537597656
9 0.24799642711877823 0.6073776334524155 0.32422153651714325 0.3430385887622833
0 0.17451150715351105 0.5618158280849457 0.10076943039894104 0.20175284147262573
3 0.6046882569789886 0.678496927022934 0.19951516389846802 0.18491512537002563
0 0.26022500544786453 0.5621175765991211 0.0223531574010849 0.1876598596572876
3 0.12811025977134705 0.8650104403495789 0.2562205195426941 0.2634613513946533
0 0.24250540882349014 0.5608368366956711 0.05394850671291351 0.19402149319648743
9 0.3989472985267639 0.6980800479650497 0.7456637620925903 0.5632713139057159
0 0.685830682516098 0.7044195085763931 0.4039342999458313 0.5665483176708221
10 0.5509716272354126 0.527171790599823 0.09143972396850586 0.08326470851898193
0 0.1736360304057598 0.5602267235517502 0.10516843944787979 0.2018221914768219
9 0.2502530515193939 0.5521800369024277 0.3238608241081238 0.2346680462360382
3 0.18346454499987885 0.8646533787250519 0.3634992480510846 0.26949864625930786
6 0.07182718813419342 0.6961025297641754 0.14365437626838684 0.1779382824897766
0 0.2936736047267914 0.5658882111310959 0.04413050413131714 0.18743780255317688
6 0.12346414476633072 0.7434097230434418 0.1591232568025589 0.11708718538284302
3 0.6044715940952301 0.678523063659668 0.20195335149765015 0.1930478811264038
0 0.36018115282058716 0.5581344664096832 0.06043577194213867 0.1711938977241516
2 0.3730954468192067 0.587905690073967 0.7449333787080832 0.7346550524234772
6 0.03999055176973343 0.7568285465240479 0.07998110353946686 0.058997273445129395
