9 0.47575250267982483 0.5527965873479843 0.2518818974494934 0.20966985821723938
4 0.35799185931682587 0.23965000361204147 0.17859694361686707 0.142999067902565
4 0.9642063081264496 0.2906758338212967 0.0712619423866272 0.06105735898017883
2 0.637387603521347 0.5361782908439636 0.7082615494728088 0.3730095624923706
4 0.764360100030899 0.2448960840702057 0.23061460256576538 0.14227896928787231
2 0.07379498332738876 0.49108491837978363 0.14758996665477753 0.5631580650806427
5 0.6336280405521393 0.21575748175382614 0.16382116079330444 0.10115350782871246
3 0.3599253296852112 0.8027248084545135 0.4051591157913208 0.21539920568466187
6 0.26633433997631073 0.691649317741394 0.09022143483161926 0.1394033432006836
9 0.9382048547267914 0.491256907582283 0.12359029054641724 0.07461270689964294
2 0.22038326412439346 0.49282172322273254 0.15906421840190887 0.4420601725578308
0 0.04017729312181473 0.6087395250797272 0.08035458624362946 0.44780153036117554
6 0.7435745596885681 0.5343684107065201 0.1659846305847168 0.1227470338344574
5 0.6341233849525452 0.2208709791302681 0.15044736862182617 0.0914454311132431
4 0.7625918388366699 0.24449162185192108 0.23150086402893066 0.1438945233821869
2 0.6559664607048035 0.5349297821521759 0.6835241317749023 0.3802730441093445
4 0.35848037898540497 0.23724927008152008 0.17898991703987122 0.1464460790157318
9 0.4743589907884598 0.5529882907867432 0.25221261382102966 0.20961272716522217
9 0.9388211965560913 0.48896247148513794 0.12226486206054688 0.06692469120025635
3 0.3727280721068382 0.7872604131698608 0.39405985176563263 0.19636297225952148
4 0.9640292227268219 0.2928457260131836 0.0717657208442688 0.05818814039230347
2 0.07417275011539459 0.5012977570295334 0.14834550023078918 0.5907657444477081
6 0.2637094557285309 0.6910305023193359 0.09117919206619263 0.14489781856536865
9 0.041592516005039215 0.6151288151741028 0.08318503201007843 0.47111833095550537
