2 0.27526413201121613 0.5562891364097595 0.5493097543949261 0.49193716049194336
6 0.2670217677950859 0.6672311127185822 0.08676065504550934 0.09340029954910278
6 0.17389986664056778 0.6661992967128754 0.0876983255147934 0.10321909189224243
3 0.6889593601226807 0.5578986406326294 0.03753972053527832 0.04816722869873047
11 0.6226086616516113 0.533688098192215 0.015732407569885254 0.017497360706329346
1 0.17424938082695007 0.6660522222518921 0.08893477916717529 0.10098028182983398
11 0.480236291885376 0.7190927267074585 0.02125370502471924 0.026152610778808594
10 0.2677988037467003 0.6685954034328461 0.08885879814624786 0.09879165887832642
0 0.6780606210231781 0.695244699716568 0.25187283754348755 0.5031132102012634
0 0.6943971514701843 0.5201898515224457 0.06363487243652344 0.09924846887588501
3 0.6932527422904968 0.5562404692173004 0.04302799701690674 0.05472010374069214
3 0.14403202384710312 0.7159439623355865 0.14996929466724396 0.21186667680740356
0 0.673909455537796 0.6787139922380447 0.249864399433136 0.47194215655326843
11 0.920840859413147 0.9759483933448792 0.04499053955078125 0.0481032133102417
4 0.3694355934858322 0.2707946002483368 0.04090043902397156 0.03342980146408081
4 0.12698998750420287 0.17483825236558914 0.25289011595305055 0.04481939971446991
3 0.19995608180761337 0.8990524411201477 0.11144371330738068 0.2018951177597046
4 0.5557851195335388 0.13237982243299484 0.0509796142578125 0.040726616978645325
4 0.12835251912474632 0.2793356031179428 0.04159111529588699 0.03219565749168396
7 0.5177642852067947 0.5971303880214691 0.03614923357963562 0.027189791202545166
3 0.24257320910692215 0.7242641448974609 0.12386702001094818 0.22338032722473145
4 0.7098823487758636 0.2603609040379524 0.057310283184051514 0.037605270743370056
11 0.4795238971710205 0.7200267910957336 0.02451545000076294 0.02829611301422119
