4 0.6178150773048401 0.430437371134758 0.049079298973083496 0.02024480700492859
0 0.671724796295166 0.6647402793169022 0.5664018392562866 0.6316909492015839
3 0.5774798393249512 0.6544443666934967 0.0707559585571289 0.11690360307693481
3 0.6680026054382324 0.6375683546066284 0.05973494052886963 0.1018075942993164
10 0.7112934589385986 0.5235244333744049 0.058446407318115234 0.0875958800315857
0 0.7957371771335602 0.5842464417219162 0.06633526086807251 0.22389963269233704
0 0.5983230471611023 0.5278794765472412 0.06290590763092041 0.09965038299560547
0 0.4936496615409851 0.5257063955068588 0.061147212982177734 0.1030893623828888
3 0.47516727447509766 0.6004263162612915 0.04290115833282471 0.08630084991455078
4 0.4865233302116394 0.4132528305053711 0.09223973751068115 0.018903136253356934
0 0.7134993076324463 0.5253033488988876 0.06038022041320801 0.09044244885444641
0 0.6700223386287689 0.5429371893405914 0.02741032838821411 0.12164396047592163
3 0.4784262627363205 0.6273111402988434 0.0539262592792511 0.1132398247718811
3 0.4791455566883087 0.6504193246364594 0.05577725172042847 0.07375472784042358
4 0.6178765296936035 0.42964476346969604 0.04935264587402344 0.01966094970703125
3 0.5771141052246094 0.6512571275234222 0.0627068281173706 0.11483746767044067
0 0.6752308756113052 0.6616240888834 0.5789689719676971 0.625176876783371
0 0.49290791153907776 0.5244552791118622 0.061503589153289795 0.10505086183547974
0 0.5979727804660797 0.5265648663043976 0.06399613618850708 0.10222166776657104
10 0.7103166580200195 0.5229307115077972 0.06143534183502197 0.08763867616653442
0 0.795520693063736 0.5804522633552551 0.06758040189743042 0.22221624851226807
4 0.4844979792833328 0.4127693176269531 0.09542188048362732 0.01798379421234131
3 0.4860745370388031 0.6190392076969147 0.05955904722213745 0.12343007326126099
0 0.6707291305065155 0.5437851846218109 0.02477818727493286 0.12802845239639282
3 0.6683225035667419 0.6349312663078308 0.0565718412399292 0.10562551021575928
3 0.4801360070705414 0.602746307849884 0.044908106327056885 0.09189856052398682
3 0.6017568707466125 0.6201189160346985 0.10248696804046631 0.10121631622314453
