3 0.10942995548248291 0.9057292938232422 0.21885991096496582 0.18685030937194824
9 0.4971837103366852 0.5389980375766754 0.3241496682167053 0.2695600390434265
0 0.3929397165775299 0.5397371649742126 0.07916384935379028 0.20899629592895508
6 0.19390840828418732 0.6736673414707184 0.22633543610572815 0.13972896337509155
0 0.49204830825328827 0.54616679251194 0.042437344789505005 0.19737526774406433
6 0.3158639222383499 0.7445397078990936 0.13694992661476135 0.1364787220954895
0 0.8920340836048126 0.6702779680490494 0.21593183279037476 0.6309448182582855
6 0.06404642015695572 0.814730167388916 0.12720854580402374 0.0900270938873291
6 0.46845126152038574 0.6844416856765747 0.15383434295654297 0.11979961395263672
0 0.5693590939044952 0.5589039474725723 0.10194128751754761 0.19860956072807312
3 0.44512806832790375 0.8696366250514984 0.40001824498176575 0.2594274878501892
0 0.44483818113803864 0.5379292368888855 0.03956136107444763 0.2019033432006836
0 0.8888448774814606 0.6782184094190598 0.22207123041152954 0.6435631811618805
3 0.3212225317838602 0.8553770184516907 0.640578055405058 0.285561203956604
0 0.39502036571502686 0.537741094827652 0.08216416835784912 0.20517081022262573
6 0.46902772784233093 0.6787210404872894 0.15549308061599731 0.11342734098434448
6 0.1918168105185032 0.6769007444381714 0.2386034056544304 0.14270401000976562
0 0.49143028259277344 0.5467252731323242 0.04420614242553711 0.19528484344482422
6 0.312153622508049 0.7445921897888184 0.14455929398536682 0.1373656988143921
0 0.566716194152832 0.5509717911481857 0.09025156497955322 0.17244568467140198
9 0.49688760936260223 0.5467939078807831 0.3309997618198395 0.2966235280036926
7 0.7433779239654541 0.6716952323913574 0.03413248062133789 0.043520569801330566
