4 0.39084839820861816 0.4132869690656662 0.05237084627151489 0.018017977476119995
4 0.41392894089221954 0.4339602440595627 0.03501155972480774 0.01541176438331604
2 0.6578196287155151 0.5225649923086166 0.1875782012939453 0.26562705636024475
4 0.5095111429691315 0.4164145439863205 0.04618483781814575 0.02189597487449646
3 0.08785950392484665 0.7969429790973663 0.1757190078496933 0.3249557614326477
6 0.13216203451156616 0.6384943425655365 0.09038308262825012 0.09006553888320923
2 0.2920248731970787 0.6379465013742447 0.1381005197763443 0.5761928260326385
4 0.4204875975847244 0.4343189299106598 0.05751648545265198 0.018769264221191406
4 0.5552515983581543 0.2580779045820236 0.1427379846572876 0.11417129635810852
4 0.7135052978992462 0.37123894691467285 0.08510571718215942 0.024859726428985596
2 0.40105848014354706 0.5384281277656555 0.07431325316429138 0.17823505401611328
4 0.3927827477455139 0.3537503629922867 0.0547330379486084 0.05093774199485779
4 0.3947906494140625 0.35388851165771484 0.041885197162628174 0.04624652862548828
2 0.5117880702018738 0.5086749047040939 0.09213018417358398 0.18029096722602844
4 0.39533111453056335 0.414642795920372 0.06533724069595337 0.030488401651382446
4 0.41091518104076385 0.4228024482727051 0.05655601620674133 0.03178536891937256
4 0.3821306526660919 0.35535168647766113 0.07999348640441895 0.057457566261291504
4 0.3917867988348007 0.41450242698192596 0.05256333947181702 0.021631985902786255
4 0.7134428024291992 0.37108026444911957 0.0860445499420166 0.024403661489486694
2 0.6578552722930908 0.5175371170043945 0.18472468852996826 0.24979400634765625
2 0.2923748269677162 0.6723986566066742 0.12754403054714203 0.6477087140083313
4 0.509051501750946 0.4159538298845291 0.047434210777282715 0.022235482931137085
3 0.0877266377210617 0.8100501894950867 0.1754532754421234 0.3611961603164673
6 0.13467850908637047 0.6384035050868988 0.09103155881166458 0.0903516411781311
4 0.5537393540143967 0.2568845897912979 0.1426728069782257 0.11685189604759216
4 0.4138965606689453 0.43371762335300446 0.03735506534576416 0.017465978860855103
4 0.4019044041633606 0.3571659326553345 0.06369835138320923 0.06549495458602905
2 0.4010165333747864 0.5392562747001648 0.07949519157409668 0.18031060695648193
5 0.6440559327602386 0.3701709508895874 0.05491429567337036 0.026452481746673584
4 0.395945742726326 0.41666989028453827 0.05658617615699768 0.03182867169380188
0 0.9864422678947449 0.505887359380722 0.02598726749420166 0.11998528242111206
