4 0.9026976525783539 0.06182111501402687 0.19460469484329224 0.12328479290590622
6 0.3771134912967682 0.653831958770752 0.16649532318115234 0.10172152519226074
3 0.3611867278814316 0.8090095520019531 0.1825982630252838 0.22284948825836182
3 0.6516831517219543 0.8610413670539856 0.29525911808013916 0.2145925760269165
3 0.14161466620862484 0.859858512878418 0.1876738853752613 0.2541872262954712
4 0.016637930646538734 0.1311509944498539 0.03327586129307747 0.06123044341802597
3 0.022366635501384735 0.8918422758579254 0.04473327100276947 0.20658057928085327
7 0.7537724375724792 0.6289166510105133 0.0241241455078125 0.030216753482818604
1 0.8861457705497742 0.3662937879562378 0.08104169368743896 0.05804949998855591
3 0.019827782735319488 0.8628443777561188 0.039627306908187165 0.15231341123580933
6 0.3779081702232361 0.6539700329303741 0.16156911849975586 0.10175913572311401
4 0.898563802242279 0.0637127012014389 0.2028723955154419 0.1274254024028778
3 0.6575286388397217 0.8506939113140106 0.27472662925720215 0.20527154207229614
0 0.8835001289844513 0.6306387037038803 0.21459347009658813 0.42777541279792786
1 0.8856287002563477 0.3672924190759659 0.08499372005462646 0.057984501123428345
7 0.7540502548217773 0.628223180770874 0.028722047805786133 0.034087419509887695
4 0.018827613443136215 0.11946497112512589 0.03765522688627243 0.08784602582454681
