3 0.6863523721694946 0.7480347454547882 0.21415042877197266 0.2263239026069641
3 0.6959951817989349 0.5791269242763519 0.11154204607009888 0.08719176054000854
3 0.8709527850151062 0.8716377317905426 0.2580944299697876 0.2563093304634094
3 0.7353223860263824 0.6837162971496582 0.12205785512924194 0.12707805633544922
3 0.5446993112564087 0.7251045405864716 0.08890724182128906 0.15343552827835083
3 0.9609693586826324 0.7252914309501648 0.07769507169723511 0.16833245754241943
6 0.6965127885341644 0.5689455568790436 0.10268670320510864 0.06698650121688843
3 0.5753761827945709 0.6071676313877106 0.07481008768081665 0.08455520868301392
3 0.9501143395900726 0.7049288749694824 0.09977132081985474 0.1519409418106079
6 0.6915734708309174 0.5636835098266602 0.11107474565505981 0.0645143985748291
3 0.6590270102024078 0.7263531684875488 0.18700867891311646 0.1741701364517212
3 0.7358186841011047 0.6688146591186523 0.12089765071868896 0.10187506675720215
3 0.842243492603302 0.6408523321151733 0.11127126216888428 0.09887409210205078
3 0.5433107912540436 0.7224511206150055 0.08700054883956909 0.15634578466415405
1 0.8117896914482117 0.8025131225585938 0.15881812572479248 0.11915016174316406
11 0.5037111788988113 0.24704165756702423 0.017897814512252808 0.03413096070289612
