9 0.6087354719638824 0.6139124929904938 0.2728274464607239 0.30657273530960083
3 0.8314698934555054 0.8456476330757141 0.18899965286254883 0.2784236669540405
0 0.4851063252426684 0.6031928509473801 0.9448426244780421 0.7936142981052399
3 0.5129251480102539 0.8532434701919556 0.1299762725830078 0.21589159965515137
3 0.49434347450733185 0.7177477478981018 0.09865972399711609 0.13257980346679688
7 0.7564206123352051 0.6072497367858887 0.020335912704467773 0.02105081081390381
1 0.6163929104804993 0.42863960564136505 0.05523812770843506 0.04803583025932312
0 0.4918692171340808 0.5953240394592285 0.9798794866073877 0.809351921081543
9 0.6114253997802734 0.6119429618120193 0.2825946807861328 0.3075048625469208
3 0.8338816463947296 0.841254323720932 0.18521958589553833 0.2728295922279358
3 0.4916579872369766 0.7164113521575928 0.10404607653617859 0.14040303230285645
3 0.5139043927192688 0.8553104400634766 0.1408843994140625 0.22086644172668457
1 0.6145295202732086 0.42827001214027405 0.05958503484725952 0.048552513122558594
7 0.7555146217346191 0.6074751913547516 0.023419499397277832 0.023036539554595947
