3 0.2729700327035971 0.8399890065193176 0.5438307285076007 0.29069578647613525
3 0.8720726370811462 0.857178270816803 0.25522494316101074 0.2766602039337158
3 0.7708978056907654 0.8145517706871033 0.45820438861846924 0.27315056324005127
6 0.1393235237337649 0.6587827801704407 0.26480026822537184 0.14266717433929443
6 0.9393857717514038 0.6930790841579437 0.12104415893554688 0.1768297553062439
2 0.5322884097695351 0.5182133540511131 0.9354231804609299 0.6522756367921829
6 0.28297385573387146 0.7258947193622589 0.12320470809936523 0.12172967195510864
4 0.4337136223912239 0.06524135917425156 0.45805977284908295 0.1304827183485031
4 0.44739414006471634 0.06405508667376125 0.49415598809719086 0.1278591424197657
3 0.27938708662986755 0.8432295620441437 0.55206698179245 0.3126581311225891
6 0.13613435626029968 0.6611603796482086 0.27226871252059937 0.14300388097763062
6 0.9395210146903992 0.6890144646167755 0.12045097351074219 0.1632440686225891
2 0.5137994764372706 0.5272409990429878 0.9724010471254587 0.6806307882070541
3 0.7710632681846619 0.812897801399231 0.45787346363067627 0.26222801208496094
3 0.8727799355983734 0.8614494204521179 0.2544401288032532 0.2759202718734741
6 0.2821528911590576 0.7235242426395416 0.11903077363967896 0.12324732542037964
2 0.5215506553649902 0.6310907304286957 0.9568986892700195 0.450043261051178
