2 0.4015806019306183 0.5059658139944077 0.25672322511672974 0.14161816239356995
2 0.08255638182163239 0.6522055566310883 0.16511276364326477 0.2599882483482361
4 0.2937388941645622 0.4093811959028244 0.1078043133020401 0.016829878091812134
6 0.7585394084453583 0.57667475938797 0.04115551710128784 0.045710206031799316
3 0.7093374729156494 0.7164397239685059 0.10836195945739746 0.18272614479064941
2 0.6066452860832214 0.4951348453760147 0.15150010585784912 0.16022226214408875
6 0.6926690936088562 0.5943486392498016 0.056723594665527344 0.04525357484817505
4 0.6967268884181976 0.2924049496650696 0.2329515814781189 0.047650814056396484
6 0.24639826267957687 0.5661908090114594 0.03953172266483307 0.03457850217819214
4 0.3363599330186844 0.4308978170156479 0.08146610856056213 0.016155630350112915
3 0.4434988498687744 0.7779465615749359 0.14482367038726807 0.26846617460250854
6 0.6902458369731903 0.5607582926750183 0.04340630769729614 0.035268187522888184
4 0.09723322093486786 0.29913175106048584 0.19446644186973572 0.048489153385162354
4 0.8460221290588379 0.04954081550386036 0.3062015771865845 0.09862359314865898
6 0.5116108059883118 0.6037009656429291 0.07811355590820312 0.05898171663284302
9 0.06480325758457184 0.4930359870195389 0.12960651516914368 0.07026025652885437
4 0.5078714787960052 0.4238705635070801 0.04500311613082886 0.017567753791809082
4 0.5494280755519867 0.40647250413894653 0.03591078519821167 0.015905916690826416
6 0.4562245011329651 0.5443999767303467 0.04463338851928711 0.03419160842895508
4 0.5823790431022644 0.40643948316574097 0.10004997253417969 0.017060697078704834
2 0.23786453157663345 0.582421600818634 0.15725146234035492 0.13785302639007568
4 0.22237040847539902 0.374775230884552 0.15284772217273712 0.020638704299926758
4 0.30369627475738525 0.4109163284301758 0.13794797658920288 0.021618664264678955
6 0.35557790100574493 0.544682502746582 0.02804926037788391 0.022794365882873535
6 0.43100662529468536 0.6066545844078064 0.0984925925731659 0.060357093811035156
6 0.0711352713406086 0.6207425594329834 0.041812799870967865 0.05257868766784668
4 0.591825008392334 0.40386152267456055 0.08013916015625 0.018746495246887207
3 0.23645176738500595 0.6186161935329437 0.17211218178272247 0.0826299786567688
4 0.6215845048427582 0.37228016555309296 0.12359076738357544 0.022612303495407104
9 0.21061241626739502 0.49639827013015747 0.09710687398910522 0.046552300453186035
1 0.8811450898647308 0.4198383241891861 0.1371738314628601 0.14100727438926697
2 0.31237275898456573 0.5240311175584793 0.19743427634239197 0.12119171023368835
4 0.4516037851572037 0.4066496342420578 0.031116098165512085 0.019241243600845337
2 0.7473980784416199 0.6444493234157562 0.1352773904800415 0.575282871723175
6 0.5023031234741211 0.5613301396369934 0.05337715148925781 0.03088700771331787
2 0.06869993358850479 0.5000958442687988 0.13739986717700958 0.08628690242767334
4 0.5839504897594452 0.3973347246646881 0.09787970781326294 0.030934154987335205
4 0.17167014628648758 0.3711734414100647 0.05687923729419708 0.012160301208496094
4 0.2913893908262253 0.41041678190231323 0.10990598797798157 0.017145156860351562
2 0.08044289500685409 0.6532827317714691 0.15930025873240083 0.2586522698402405
2 0.4033075273036957 0.5078972727060318 0.25206297636032104 0.1400676667690277
6 0.07127897813916206 0.624482125043869 0.04325763136148453 0.05844753980636597
6 0.7582274079322815 0.5779409408569336 0.0407719612121582 0.04889035224914551
2 0.6046552658081055 0.49460476636886597 0.1528034210205078 0.1629638671875
6 0.6899856626987457 0.5954967439174652 0.061140477657318115 0.05113273859024048
3 0.4419649541378021 0.7744280695915222 0.14746910333633423 0.27156221866607666
4 0.21974798291921616 0.37589240074157715 0.15059395134449005 0.024057388305664062
2 0.23902559280395508 0.5793143212795258 0.15873116254806519 0.13626247644424438
6 0.2458353042602539 0.5659570693969727 0.04237633943557739 0.035895347595214844
4 0.5816706120967865 0.4053032398223877 0.09837251901626587 0.019282817840576172
4 0.0975315123796463 0.29740557074546814 0.1950630247592926 0.048370182514190674
4 0.695031464099884 0.2913524657487869 0.23327481746673584 0.05001583695411682
3 0.7122243940830231 0.715702474117279 0.1087077260017395 0.19041240215301514
6 0.45459775626659393 0.5437847077846527 0.04356834292411804 0.03312450647354126
4 0.5074829161167145 0.424887090921402 0.045439064502716064 0.017309367656707764
6 0.6892879903316498 0.5594871342182159 0.04415839910507202 0.03336220979690552
6 0.5104840844869614 0.6030210554599762 0.07612040638923645 0.059988439083099365
4 0.8454917073249817 0.05010092706652358 0.3090165853500366 0.09828182158526033
4 0.33606410026550293 0.42962637543678284 0.08105862140655518 0.01501542329788208
9 0.21120047569274902 0.4959452599287033 0.10214459896087646 0.04580917954444885
6 0.4315434992313385 0.60317462682724 0.09889459609985352 0.060418128967285156
4 0.6107454299926758 0.37072165310382843 0.13728010654449463 0.024954527616500854
9 0.06426535546779633 0.49190475046634674 0.12853071093559265 0.07687970995903015
1 0.8831171095371246 0.41932864487171173 0.14290767908096313 0.14071586728096008
4 0.5740937292575836 0.40609923005104065 0.08575516939163208 0.015407264232635498
3 0.23420237749814987 0.6143423020839691 0.16878642141819 0.07660537958145142
6 0.35598206520080566 0.5451042652130127 0.029922127723693848 0.024517416954040527
2 0.5474216341972351 0.493796169757843 0.040748000144958496 0.1646658182144165
4 0.6057077348232269 0.3757694214582443 0.12944501638412476 0.026272863149642944
4 0.5819827914237976 0.4000803828239441 0.10110056400299072 0.026390552520751953
