0 0.17562587861903012 0.5001021385178319 0.3403701423667371 0.9997957229643362
3 0.8895248472690582 0.8916282951831818 0.22087901830673218 0.21592706441879272
0 0.8363345861434937 0.5847816467285156 0.12598192691802979 0.2410907745361328
0 0.6168710589408875 0.5803406238555908 0.1273059844970703 0.2409663200378418
0 0.46833638846874237 0.6239966303110123 0.030068963766098022 0.5062210261821747
3 0.8118222057819366 0.6062843799591064 0.060891926288604736 0.09686589241027832
4 0.8135238587856293 0.19215033203363419 0.37161749601364136 0.12496529519557953
4 0.929416835308075 0.33627696335315704 0.1411663293838501 0.07343217730522156
0 0.9822183549404144 0.5966637134552002 0.03556329011917114 0.24913263320922852
3 0.9160169661045074 0.7366437017917633 0.16129416227340698 0.12516027688980103
3 0.8115867972373962 0.6233636736869812 0.06296956539154053 0.13537824153900146
0 0.46501684188842773 0.6784802973270416 0.030358314514160156 0.467099130153656
3 0.8889770805835724 0.8892280757427216 0.22204583883285522 0.22154384851455688
3 0.8135607242584229 0.6003230214118958 0.059746503829956055 0.09307920932769775
0 0.6163179874420166 0.5820823609828949 0.12748408317565918 0.25538307428359985
0 0.8363103568553925 0.5841117948293686 0.1259334683418274 0.23907127976417542
3 0.9163878262042999 0.7389565110206604 0.16106432676315308 0.13640356063842773
0 0.18856561742722988 0.4953337609767914 0.343377698212862 0.9888936877250671
4 0.8040526509284973 0.18869011849164963 0.3803611993789673 0.12453480064868927
0 0.4663550853729248 0.6424616724252701 0.03290402889251709 0.5443982779979706
4 0.928926557302475 0.3352680206298828 0.14214688539505005 0.07256519794464111
0 0.985231876373291 0.5982509553432465 0.02953624725341797 0.2615196108818054
0 0.46894530951976776 0.5850800424814224 0.03358820080757141 0.42148587107658386
